-3.5, 7.5 = 73, 0
-2.5, 7.5 = 70, 18	
-1.5, 7.5 = 70, 29	
-0.5, 7.5 = 73, 33
0.5, 7.5 = 78, 33
1.5, 7.5 = 86, 29	
2.5, 7.5 = 98, 18	
3.5, 7.5 = 115, 0
-3.5, 6.5 = 50, 41	
-2.5, 6.5 = 52, 50	
-1.5, 6.5 = 55, 55
-0.5, 6.5 = 60, 58	
0.5, 6.5 = 68, 58
1.5, 6.5 = 75, 56
2.5, 6.5 = 83, 54
3.5, 6.5 = 95, 41
-3.5, 5.5 = 37, 68	
-2.5, 5.5 = 39, 75
-1.5, 5.5 = 44, 80  
-0.5, 5.5 = 50, 83
0.5, 5.5 = 58, 82
1.5, 5.5 = 67, 78
2.5, 5.5 = 77, 75
3.5, 5.5 = 85, 68
-3.5, 4.5 = 22, 87
-2.5, 4.5 = 30, 93 
-1.5, 4.5 =  35, 99
-0.5, 4.5 = 42, 100
0.5, 4.5 = 52, 100
1.5, 4.5 = 62, 98
2.5, 4.5 = 70, 94
3.5, 4.5 = 82, 82
-3.5, 3.5 = 17, 100
-2.5, 3.5 = 18, 110
-1.5, 3.5 = 27, 117
-0.5, 3.5 = 36, 117
0.5, 3.5 = 46, 117
1.5, 3.5 = 56, 115
2.5, 3.5 = 67, 110
3.5, 3.5 = 78, 98 
-3.5, 2.5 = 5, 115
-2.5, 2.5 = 10, 126
-1.5, 2.5 = 17, 132
-0.5, 2.5 = 30, 133
0.5, 2.5 = 40, 134
1.5, 2.5 = 54, 130
2.5, 2.5 = 66, 125
3.5, 2.5 = 78, 114
-3.5, 1.5 = -10, 130
-2.5, 1.5 = -3, 138
-1.5, 1.5 = 8, 143
-0.5, 1.5 = 20, 148
0.5, 1.5 = 37, 148
1.5, 1.5 = 53, 143
2.5, 1.5 = 70, 136
3.5, 1.5 = 80, 127
-3.5, 0.5 = -23, 138
-2.5, 0.5 = -17, 147
-1.5, 0.5 = -8, 157
-0.5, 0.5 = 13, 161
0.5, 0.5 = 37, 161
1.5, 0.5 = 56, 155
2.5, 0.5 = 72, 145
3.5, 0.5 = 85, 136